100
1 4 25
17 23 24 25
1 3 24
3 7 12
1 3 6
3 4 6
1 3 10
8 9 10
1 3 10
4 9 10
1 2 26
22 26
1 1 28
4
1 1 6
3
1 1 21
20
1 4 30
3 8 12 26
1 2 18
4 9
1 3 21
5 20 21
1 2 26
13 23
1 2 9
1 4
1 2 28
3 22
1 2 23
15 23
1 4 24
10 14 15 16
1 1 7
2
1 1 25
1
1 3 27
6 14 26
1 2 25
22 24
1 1 24
20
1 3 8
1 3 6
1 1 23
1
1 1 30
18
1 1 30
1
1 2 23
20 23
1 1 3
2
1 1 29
1
1 2 20
10 19
1 3 25
14 22 23
1 2 13
4 8
1 3 27
1 4 7
1 2 20
4 5
1 1 28
4
1 2 3
1 2
1 3 26
18 23 26
1 3 17
3 8 16
1 2 13
2 6
1 3 24
11 15 22
1 2 30
4 9
1 2 17
2 17
1 2 29
11 18
1 2 14
2 3
1 1 22
4
1 1 9
8
1 2 12
4 6
1 3 22
5 6 13
1 4 30
2 7 11 22
1 3 20
5 15 19
1 4 11
8 9 10 11
1 1 1
1
1 5 5
1 2 3 4 5
1 1 2
2
1 2 8
1 2
1 1 1
1
1 3 26
1 2 4
1 1 7
7
1 4 19
2 11 13 15
1 1 28
5
1 2 30
17 21
1 1 1
1
1 1 30
30
1 1 7
1
1 3 17
1 4 10
1 3 17
13 16 17
1 3 21
5 7 16
1 4 16
1 2 4 8
1 1 2
2
1 1 1
1
1 2 21
3 5
1 2 23
18 22
1 2 12
10 12
1 5 16
1 2 4 8 16
1 2 23
12 22
1 2 27
3 7
1 1 26
10
1 2 16
10 11
1 3 27
5 7 17
1 3 16
12 13 15
1 3 20
5 10 18
1 3 18
3 5 12
1 4 22
8 10 15 21
1 2 29
1 21
1 2 29
26 29
1 3 20
5 7 17
1 1 3
3
1 5 30
1 2 4 8 15
1 1 2
1
1 3 26
3 8 14
1 2 22
11 16
1 3 17
4 8 14
1 3 12
3 6 10
1 1 2
1
1 4 22
1 6 11 20
1 3 29
4 8 17
1 1 5
5
1 1 12
1
1 3 6
1 2 5
1 3 10
7 9 10
