100
5 207001
6 8000001
6 3922842
6 7050043
3 2111
6 5300001
1 31
6 1120201
6 5058935
6 0300021
1 21
4 17001
6 9000041
0 1
3 4008
4 90001
1 09
1 01
6 1406358
6 0000003
6 9999999
4 11111
4 00001
5 380002
5 110011
6 0700805
6 3967868
6 6817555
6 0000001
6 8000009
6 8008001
6 6878751
3 5001
6 7002001
6 1201011
6 1610001
6 7576667
6 0600004
2 942
6 1122211
6 4000001
6 7000001
6 8060005
4 50001
6 0000801
4 50001
6 7000071
6 0006001
6 1112201
6 3101182
6 5004001
6 0003701
6 0000301
0 1
6 1111111
3 1112
6 1010001
0 1
6 2032365
1 01
6 0000071
5 200001
6 9000341
0 1
3 8215
6 1900801
0 1
5 050372
3 6001
3 3615
6 0020041
6 6574065
6 4000927
3 1202
5 000051
6 1265796
4 20001
3 0001
6 2121201
2 001
2 006
6 0000008
5 212101
6 0000101
2 061
6 2011112
6 0000001
1 21
3 6825
1 05
6 1201001
6 1202211
4 04008
5 000001
1 01
0 1
5 200012
6 7484145
0 2
4 80071
