半分にする一択
移動は極力早く。パスは無意味？
最大数から先に分割？
× 初期状態の必要ターン数を超えたら終了？
確認済み
	25 => 9t
	35 => 11t
	49 => 13t


log(1000) = 10
10 * 1000 = 10000


10 10 10
5 10 10 5
5 5 10 5 5
5 5 5 5 5 5

= 8


10 10 10 10 10
5 10 10 10 10 5
5 5 10 10 10 5 5
5 5 5 10 10 5 5 5
5 5 5 5 10 5 5 5 5
5 5 5 5 5 5 5 5 5 5

= 10


10 10 10 10 10 10
5 10 10 10 10 10 5
5 5 10 10 10 10 5 5
5 5 5 10 10 10 5 5 5
5 5 5 5 10 10 5 5 5 5
5 5 5 5 5 10 5 5 5 5 5
5 5 5 5 5 5 5 5 5 5 5 5
= 11 NG


3
1 2
= 3


1 2 1 2
1 1 1 2 1
= 3 NG


4
2 2
= 3 OK


1000 1
500 1 500
250 1 500 250
250 1 250 250 250





0   6 6 6 6 9 9
5   1 1 1 1 4 4
6   1 1 1 1 2 4 2
7   1 1 1 1 2 2 2 2


9
8
4 4
= 7

9
5 4
= 7




8 4
Case #12: 6

4 4



9 9
Case #4: 6

9 4 5
4 5 4 5




9 1
5 1 4
= 6

9 1
5 5
= 6


7 1
4 1 3
= 5

7 1
4 4
= 5


50 30 
25 30 25

50 30
40 40




9 1 1 1
9t: 1 1 1 9
8t: 0 0 0 2 2
7t: 0 0 0 2 2 2
6t: 0 0 0 2 2 2 2
5t: 1 1 1 3 3 3
Case #27: 5

9 1 1 1
6 1 1 1 3
3 1 1 1 3 3


12 1
6 1 6
3 1 6 3
3 1 3 3 3
= 6

12 1
8 1 4
4 1 4 4
= 6


15 1
8 1 7
4 1 7 4
= 9

15 1
5 1 10
5 1 5 5
= 7



9
6 3
3 3 3
= 5

500
400 100
300 100 100
200 100 100 100
100 100 100 100 100
= 104

25
20 5
15 5 5
10 5 5 5
5 5 5 5 5
= 9

25
13 12
7 12 6
7 6 6 6
= 10

25
13 12
13 8 4
13 4 4 4
7 6 4 4 4
= 11



30
20 10
10 10 10
= 12

30
20 10
10 10 10
5 5 10 10
5 5 5 5 10
5 5 5 5 5 5
= 10



49 => 13t

7 + 6



15 => 7






22 
2 4 4 4 4 4





