100
1
19
23
11101
2100
30
2201
432109
1999
10010
11001
765432
998999
100001
99
999900
1000
11111
11100
999899
321098
21
999
64
99001
100
102
901
16
890123
999991
9
999901
12
90
11011
1024
110
999998
900000
9999
1000000
999000
200
11010
32
2001
10011
999999
91
111
999990
12000
32
999001
2101
999989
12001
10100
2200
1099
2000
29
990001
1001
899999
7
10001
11
1111
900001
101001
10111
199
1101
101000
1110
234567
100000
10110
2002
10000
10
201
10999
101
1100
16384
10101
11110
99000
22
900
989999
20
11000
1998
31
990000
19
