100
1
19
23
2000
999000
678901
2001
22
1001
101
1099
899999
2101
998999
990001
990000
16384
9
11101
262144
65536
999990
11000
11011
999001
99
1999
11110
901
11001
11
100000
1000
999899
90
999991
32
2201
11100
10011
10000
111
12001
10100
21
2200
19
30
900
200
12
7
1000000
210987
1100
989999
999900
999901
900000
2002
11111
101000
100001
10010
201
12000
876543
32
11010
10001
765432
91
199
2100
10999
1111
100
10110
999
29
2
999998
1101
9999
99000
20
102
999989
1110
999999
31
10111
110
101001
345678
10
99001
900001
1998
10101
