100
1
19
23
11
1000000
899999
101001
8
999900
999989
9999
2201
432109
999899
2002
32
10
30
10111
102
90
999
900001
21
99
1110
9
2200
100000
1998
2000
10101
10100
1001
31
22
1099
200
10001
11111
19
2001
7777
101000
29
1111
109876
131072
999998
11011
999999
1101
990000
12000
1000
91
543210
999001
999991
11010
2100
999901
10011
2101
100
11110
890123
989999
20
12
12001
998999
524288
111
900000
999000
4096
11000
10999
990001
10000
901
199
10110
1999
100001
99001
11100
256
999990
11001
1100
678901
10010
101
11101
110
900
99000
201
