100
2 4
10 5
3 12
7 7 7
3 12
4 2 1
5 1000000000
25 25 25 25 25
2 2
1 1
5 5
1 1 1 1 1
5 448257424
1 2 3 4 5
5 915742169
18 7 21 11 25
5 17193302
2 2 2 2 2
5 377979766
22 22 22 22 22
5 549425945
24 24 24 24 24
5 259909513
10 10 10 10 10
5 835767065
23 23 23 23 23
5 805205687
10 10 10 10 10
5 246519599
25 25 25 25 25
5 5140894
9 9 9 9 9
5 699956998
23 23 23 23 23
5 924574836
3 3 3 3 3
5 857953938
16 16 16 16 16
5 400508297
9 9 9 9 9
5 1111454
24 24 24 24 24
5 305212796
13 13 13 13 13
5 223851475
11 11 11 11 11
5 645007410
25 25 25 25 25
5 913884848
25 25 25 25 25
5 464697686
11 11 11 11 11
5 312273442
4 4 4 4 4
5 768080123
20 20 20 20 20
5 9267027
10 10 10 10 10
5 875889921
14 14 14 14 14
5 299014130
11 11 11 11 11
5 52620813
21 21 21 21 21
5 451746578
7 7 7 7 7
5 720355229
1 2 3 4 5
5 555265060
1 2 3 4 5
5 250529219
1 2 3 4 5
5 86355945
1 2 3 4 5
5 639569717
1 2 3 4 5
5 874981516
1 2 3 4 5
5 41470021
1 2 3 4 5
5 268084901
1 2 3 4 5
5 672294172
1 2 3 4 5
5 116784388
1 2 3 4 5
5 422991291
1 2 3 4 5
5 12899254
1 2 3 4 5
5 365151823
1 2 3 4 5
5 261471744
1 2 3 4 5
5 342820160
1 2 3 4 5
5 212430374
1 2 3 4 5
5 909891905
1 2 3 4 5
5 147547609
1 2 3 4 5
5 267749811
1 2 3 4 5
5 883365393
1 2 3 4 5
5 769726277
1 2 3 4 5
5 850353364
1 2 3 4 5
5 479635401
1 2 3 4 5
5 983791572
1 2 3 4 5
5 287939494
1 2 3 4 5
5 32670072
20 8 10 8 22
5 950082823
11 10 14 18 3
5 315179649
9 16 18 17 2
5 633947910
23 21 18 10 12
5 229578763
25 12 21 8 1
5 351981749
19 14 20 9 3
5 738530112
21 22 20 23 18
5 673919613
8 16 24 25 20
5 372568673
20 25 23 2 8
5 618662912
17 16 19 8 7
5 506581712
17 16 13 4 5
5 566144465
9 25 11 4 8
5 676479768
18 2 17 18 11
5 402404884
20 25 15 7 2
5 714626374
23 11 13 22 19
5 365273660
17 13 10 9 18
5 919506036
1 14 15 10 16
5 720795504
13 4 18 7 22
5 982971047
14 19 6 25 6
5 810206175
10 3 9 16 16
5 148948409
16 20 11 8 16
5 384720310
16 8 1 1 22
5 2624100
2 8 16 4 25
5 988335385
24 5 22 21 22
5 242631830
7 18 13 16 18
5 758156866
3 2 1 1 7
5 411708051
25 16 14 7 18
5 141917360
1 14 15 4 7
5 225811090
2 17 19 11 24
5 322789070
11 7 2 6 19
5 762617083
8 14 23 16 11
5 151577053
19 5 3 24 15
5 219871156
21 12 14 21 14
5 191487152
21 11 10 13 10
5 41602921
8 25 4 2 1
5 57225988
4 2 2 7 23
5 124945852
17 9 1 3 19
5 754865561
2 4 3 7 6
5 307801640
13 22 18 15 21
5 304560865
13 4 15 8 7
5 794466499
11 23 1 21 18
5 173007919
23 7 11 10 16
