100
2 4
10 5
3 12
7 7 7
3 12
4 2 1
5 1000000000
25 25 25 25 25
2 2
1 1
5 5
1 1 1 1 1
5 448257424
1 2 3 4 5
5 915742169
18 7 21 11 25
5 848429917
22 22 22 22 22
5 489645309
22 22 22 22 22
5 228723670
8 8 8 8 8
5 33351546
15 15 15 15 15
5 398856508
20 20 20 20 20
5 458380378
15 15 15 15 15
5 628801061
7 7 7 7 7
5 673939782
1 1 1 1 1
5 623172554
16 16 16 16 16
5 745264112
17 17 17 17 17
5 524761976
25 25 25 25 25
5 326391840
19 19 19 19 19
5 493276218
12 12 12 12 12
5 648141895
4 4 4 4 4
5 551749071
20 20 20 20 20
5 386280152
5 5 5 5 5
5 981239351
4 4 4 4 4
5 188591508
18 18 18 18 18
5 468216468
3 3 3 3 3
5 181226079
24 24 24 24 24
5 781959388
22 22 22 22 22
5 81757447
12 12 12 12 12
5 485434642
18 18 18 18 18
5 293855400
23 23 23 23 23
5 221874628
18 18 18 18 18
5 453141479
1 2 3 4 5
5 207670200
1 2 3 4 5
5 61847455
1 2 3 4 5
5 748214717
1 2 3 4 5
5 292807945
1 2 3 4 5
5 651381080
1 2 3 4 5
5 473035843
1 2 3 4 5
5 51293284
1 2 3 4 5
5 116187085
1 2 3 4 5
5 380887934
1 2 3 4 5
5 375649748
1 2 3 4 5
5 43496996
1 2 3 4 5
5 56712853
1 2 3 4 5
5 196872049
1 2 3 4 5
5 169276134
1 2 3 4 5
5 481060891
1 2 3 4 5
5 219834126
1 2 3 4 5
5 242309361
1 2 3 4 5
5 221638604
1 2 3 4 5
5 693470674
1 2 3 4 5
5 105359145
1 2 3 4 5
5 263661730
1 2 3 4 5
5 711239067
1 2 3 4 5
5 979767012
1 2 3 4 5
5 741715415
1 2 3 4 5
5 825590519
8 8 5 7 24
5 662655916
15 2 19 4 16
5 452068035
19 6 2 24 12
5 745026777
8 5 10 22 16
5 151993127
14 12 23 20 22
5 703453691
23 7 9 9 3
5 950636114
25 23 24 7 2
5 956585937
10 20 25 6 4
5 524284128
12 15 21 17 3
5 698944563
15 21 15 3 23
5 148241679
9 25 2 13 15
5 916369465
8 16 19 22 2
5 850876663
8 22 10 11 21
5 891919477
5 9 6 11 23
5 708273980
2 8 10 22 25
5 5789638
16 6 15 7 10
5 246065415
15 7 23 8 19
5 851570450
15 23 4 5 17
5 893347106
17 11 11 10 4
5 516095835
8 20 1 13 7
5 375128692
19 24 14 10 15
5 494532613
24 16 23 25 23
5 725989828
6 4 4 16 1
5 989310352
6 9 10 8 21
5 503899275
22 16 7 3 14
5 41015939
11 10 12 1 24
5 789770701
5 9 17 21 11
5 436812600
19 13 8 9 4
5 111954365
18 11 6 12 23
5 27051071
21 10 25 22 12
5 685014238
21 3 4 10 10
5 460074995
6 20 16 23 1
5 881749974
2 1 8 5 3
5 737092212
20 11 1 21 24
5 983114453
5 23 9 19 9
5 165844509
4 4 9 24 11
5 868236657
10 23 24 7 22
5 839585785
9 14 19 13 12
5 816358300
12 2 25 10 14
5 234220498
5 6 5 2 1
5 95726615
12 13 25 14 20
5 618090785
12 4 5 5 13
